{
  "topology": {
    "1": [
      4
    ],
    "2": [
      1,
      3,
      5,
      9,
      11,
      12,
      14,
      17,
      20,
      21,
      22
    ],
    "3": [
      2,
      6,
      7,
      8,
      10,
      13,
      15,
      16,
      18,
      19,
      23,
      24
    ]
  },
  "topology_confidence": {
    "1": 67,
    "2": 61,
    "3": 87
  },
  "outliers": [],
  "capacity": {
    "no_buffer_gbps": {
      "1": 6.77,
      "2": 31.05,
      "3": 56.57
    },
    "with_buffer_gbps": {
      "1": 5.27,
      "2": 24.16,
      "3": 44.0
    }
  },
  "bandwidth_savings_pct": {
    "1": 22,
    "2": 22,
    "3": 22
  },
  "root_cause_attribution": {
    "1": [
      {
        "time_sec": 1.05,
        "contributors": [
          {
            "cell_id": 4,
            "pct": 100.0
          }
        ]
      },
      {
        "time_sec": 1.05,
        "contributors": [
          {
            "cell_id": 4,
            "pct": 100.0
          }
        ]
      },
      {
        "time_sec": 1.05,
        "contributors": [
          {
            "cell_id": 4,
            "pct": 100.0
          }
        ]
      }
    ],
    "2": [
      {
        "time_sec": 1.06,
        "contributors": [
          {
            "cell_id": 20,
            "pct": 22.8
          },
          {
            "cell_id": 1,
            "pct": 21.1
          }
        ]
      },
      {
        "time_sec": 1.06,
        "contributors": [
          {
            "cell_id": 1,
            "pct": 22.5
          },
          {
            "cell_id": 20,
            "pct": 22.5
          }
        ]
      },
      {
        "time_sec": 1.06,
        "contributors": [
          {
            "cell_id": 20,
            "pct": 23.1
          },
          {
            "cell_id": 1,
            "pct": 21.4
          }
        ]
      }
    ],
    "3": [
      {
        "time_sec": 1.01,
        "contributors": [
          {
            "cell_id": 15,
            "pct": 17.6
          },
          {
            "cell_id": 2,
            "pct": 12.2
          }
        ]
      },
      {
        "time_sec": 1.02,
        "contributors": [
          {
            "cell_id": 15,
            "pct": 15.8
          },
          {
            "cell_id": 2,
            "pct": 14.7
          }
        ]
      },
      {
        "time_sec": 1.02,
        "contributors": [
          {
            "cell_id": 15,
            "pct": 17.9
          },
          {
            "cell_id": 2,
            "pct": 14.9
          }
        ]
      }
    ]
  },
  "correlation_matrix": {
    "cells": [
      1,
      2,
      3,
      4,
      5,
      6,
      7,
      8,
      9,
      10,
      11,
      12,
      13,
      14,
      15,
      16,
      17,
      18,
      19,
      20,
      21,
      22,
      23,
      24
    ],
    "matrix": [
      [
        1.0,
        0.01738685058977359,
        0.5326900901096914,
        0.3723337721260487,
        0.4020635220468577,
        0.010373819562890576,
        0.03008705238462029,
        0.08565675004949755,
        0.9109751218824903,
        0.07002476454325654,
        0.5720170865790495,
        0.5683313269303178,
        0.038682813607705056,
        0.6528578158807776,
        0.03751024040699988,
        0.02970813598433531,
        0.759331514499427,
        0.10330956156568005,
        0.08760172038578959,
        0.5784792976653303,
        0.5638558456428568,
        0.9234452745565338,
        0.0281968925611537,
        0.0252024624981468
      ],
      [
        0.01738685058977359,
        1.0,
        0.042018020318673924,
        0.13305907360492006,
        0.12058191461958447,
        0.9690027636298499,
        0.9630228609752909,
        0.744277081344138,
        0.05554946850983174,
        0.7570725074794875,
        0.04519625332124385,
        0.08211925060387634,
        0.957985506491075,
        0.030457351594387373,
        0.9604799942485562,
        0.9639193080626928,
        0.08821017233295592,
        0.7527063001384234,
        0.746163770740384,
        0.06301246883930553,
        0.014201202407547556,
        0.019733030264912743,
        0.9722379458878868,
        0.9626905029776008
      ],
      [
        0.5326900901096914,
        0.042018020318673924,
        1.0,
        0.4500890940986806,
        0.4529833300766132,
        0.04286195008303067,
        0.052638525647831017,
        0.059219022778815966,
        0.423257756457742,
        0.040080074912824615,
        0.7915105799509738,
        0.6823592836422543,
        0.04981349758950739,
        0.6900956260819965,
        0.04618165009258335,
        0.046240327419719854,
        0.47845813317264874,
        0.0,
        0.0516361381837218,
        0.766378571451481,
        0.8017293373979899,
        0.5395365029532153,
        0.059323283735740855,
        0.05110099468751263
      ],
      [
        0.3723337721260487,
        0.13305907360492006,
        0.4500890940986806,
        1.0,
        0.5436353711911079,
        0.1325154474121522,
        0.050568668423237026,
        0.06310610504040201,
        0.2978626479987777,
        0.06349861213700018,
        0.5463686416870258,
        0.42237348306077294,
        0.04543305237587292,
        0.3602997430587229,
        0.044491255877290484,
        0.05008799509489667,
        0.2672808913754431,
        0.014931852707660526,
        0.061502156079984806,
        0.669690596318595,
        0.4979354326305364,
        0.27134479743235873,
        0.1344294424042197,
        0.12120242671895033
      ],
      [
        0.4020635220468577,
        0.12058191461958447,
        0.4529833300766132,
        0.5436353711911079,
        1.0,
        0.12640236321087656,
        0.031685333426753406,
        0.05545473736597713,
        0.413600908989187,
        0.09704088831615414,
        0.58246318656125,
        0.6769930588229396,
        0.03185618138462847,
        0.6469175317988973,
        0.023382266915973858,
        0.029898418299999632,
        0.2798380460253173,
        0.05777891553223157,
        0.07049072674041841,
        0.72613186721204,
        0.5261683873087365,
        0.29342533744859606,
        0.12246472199696262,
        0.11370189426157062
      ],
      [
        0.010373819562890576,
        0.9690027636298499,
        0.04286195008303067,
        0.1325154474121522,
        0.12640236321087656,
        1.0,
        0.9694619706268885,
        0.7584824521693386,
        0.06011708708056954,
        0.7535564925790071,
        0.04670190427601105,
        0.043351277507599706,
        0.9700500872527398,
        0.025013998970575893,
        0.9708324108358548,
        0.9695063959899842,
        0.07129723568295976,
        0.7607523297980525,
        0.7583894358147881,
        0.0640328750380765,
        0.012961993520252423,
        0.028434335700579093,
        0.9649943851689269,
        0.9780224325144132
      ],
      [
        0.03008705238462029,
        0.9630228609752909,
        0.052638525647831017,
        0.050568668423237026,
        0.031685333426753406,
        0.9694619706268885,
        1.0,
        0.8165458802352739,
        0.0714120139212582,
        0.7595911316413018,
        0.06269525113221361,
        0.022032395871884502,
        0.9810427347547364,
        0.049954037000689705,
        0.9889326368422067,
        0.9827717371999711,
        0.09447567330788048,
        0.750207176211988,
        0.81703905642595,
        0.007367976629016377,
        0.024617019935278223,
        0.0417649505302523,
        0.9441867427728201,
        0.9540690000582832
      ],
      [
        0.08565675004949755,
        0.744277081344138,
        0.059219022778815966,
        0.06310610504040201,
        0.05545473736597713,
        0.7584824521693386,
        0.8165458802352739,
        1.0,
        0.12322508491517657,
        0.9785178763294218,
        0.05396468867922888,
        0.061108513944241764,
        0.775498897962029,
        0.13398020199270125,
        0.8062997310532735,
        0.8003572473829269,
        0.15319466674072615,
        0.9422333700864487,
        0.9977993362109463,
        0.054676383861287856,
        0.0273965201563611,
        0.0886859705531377,
        0.7523005707657673,
        0.7712105177703924
      ],
      [
        0.9109751218824903,
        0.05554946850983174,
        0.423257756457742,
        0.2978626479987777,
        0.413600908989187,
        0.06011708708056954,
        0.0714120139212582,
        0.12322508491517657,
        1.0,
        0.09161068811460554,
        0.4959311129498093,
        0.5684098192710219,
        0.0769935844498287,
        0.6754057240798476,
        0.07600168479427048,
        0.06765937452552943,
        0.6606671062341507,
        0.1411595287228991,
        0.1256577261485055,
        0.5176330044616255,
        0.5021067741153018,
        0.8372565094072041,
        0.043799200499207304,
        0.06050694844223389
      ],
      [
        0.07002476454325654,
        0.7570725074794875,
        0.040080074912824615,
        0.06349861213700018,
        0.09704088831615414,
        0.7535564925790071,
        0.7595911316413018,
        0.9785178763294218,
        0.09161068811460554,
        1.0,
        0.03510227016073565,
        0.071084936365786,
        0.7240284709112759,
        0.09923865442316457,
        0.7554465157800079,
        0.7518066239471695,
        0.12334443079702617,
        0.9321762570581937,
        0.9772834126782366,
        0.054121508912131154,
        0.01645156246580443,
        0.0979960589009136,
        0.7536505795161791,
        0.7787865879136738
      ],
      [
        0.5720170865790495,
        0.04519625332124385,
        0.7915105799509738,
        0.5463686416870258,
        0.58246318656125,
        0.04670190427601105,
        0.06269525113221361,
        0.05396468867922888,
        0.4959311129498093,
        0.03510227016073565,
        1.0,
        0.7021729688507541,
        0.06137484553294112,
        0.6375780149813044,
        0.055593852230628196,
        0.060585425225223304,
        0.46502018268932693,
        0.0,
        0.04873521110050941,
        0.7849604354232115,
        0.7106550053719896,
        0.5586400147858149,
        0.0554536329440322,
        0.05725125454119688
      ],
      [
        0.5683313269303178,
        0.08211925060387634,
        0.6823592836422543,
        0.42237348306077294,
        0.6769930588229396,
        0.043351277507599706,
        0.022032395871884502,
        0.061108513944241764,
        0.5684098192710219,
        0.071084936365786,
        0.7021729688507541,
        1.0,
        0.023658076819511833,
        0.7846405596594772,
        0.015705478385706528,
        0.020810199634750167,
        0.41673593664823283,
        0.04031906870591406,
        0.06145926188029313,
        0.8434285158953598,
        0.6229201082393333,
        0.598123679771793,
        0.08360905637440622,
        0.07191762968694175
      ],
      [
        0.038682813607705056,
        0.957985506491075,
        0.04981349758950739,
        0.04543305237587292,
        0.03185618138462847,
        0.9700500872527398,
        0.9810427347547364,
        0.775498897962029,
        0.0769935844498287,
        0.7240284709112759,
        0.06137484553294112,
        0.023658076819511833,
        1.0,
        0.038557902311987614,
        0.991553200609155,
        0.9868884398221853,
        0.117019882390172,
        0.7263878589650081,
        0.7752299394121267,
        0.007954847622183438,
        0.03364611853201037,
        0.03620827810933247,
        0.9434954989641415,
        0.9751134198120783
      ],
      [
        0.6528578158807776,
        0.030457351594387373,
        0.6900956260819965,
        0.3602997430587229,
        0.6469175317988973,
        0.025013998970575893,
        0.049954037000689705,
        0.13398020199270125,
        0.6754057240798476,
        0.09923865442316457,
        0.6375780149813044,
        0.7846405596594772,
        0.038557902311987614,
        1.0,
        0.04364303330087656,
        0.043264842507412464,
        0.5665091031471239,
        0.14416959020488584,
        0.13515478498768999,
        0.788845070278991,
        0.7284403771332185,
        0.6502533990249171,
        0.03901630683919258,
        0.04271597941455905
      ],
      [
        0.03751024040699988,
        0.9604799942485562,
        0.04618165009258335,
        0.044491255877290484,
        0.023382266915973858,
        0.9708324108358548,
        0.9889326368422067,
        0.8062997310532735,
        0.07600168479427048,
        0.7554465157800079,
        0.055593852230628196,
        0.015705478385706528,
        0.991553200609155,
        0.04364303330087656,
        1.0,
        0.992808802540764,
        0.10792830147790186,
        0.7469127994015233,
        0.8061605058083978,
        0.005922706024183065,
        0.028318951281050643,
        0.03637935293319944,
        0.9448250688160515,
        0.965801642306658
      ],
      [
        0.02970813598433531,
        0.9639193080626928,
        0.046240327419719854,
        0.05008799509489667,
        0.029898418299999632,
        0.9695063959899842,
        0.9827717371999711,
        0.8003572473829269,
        0.06765937452552943,
        0.7518066239471695,
        0.060585425225223304,
        0.020810199634750167,
        0.9868884398221853,
        0.043264842507412464,
        0.992808802540764,
        1.0,
        0.11176207544921346,
        0.7552724077837659,
        0.8008001992695892,
        0.00581993660278559,
        0.024718049830118043,
        0.03346175139738565,
        0.9403795620627093,
        0.9667681642575765
      ],
      [
        0.759331514499427,
        0.08821017233295592,
        0.47845813317264874,
        0.2672808913754431,
        0.2798380460253173,
        0.07129723568295976,
        0.09447567330788048,
        0.15319466674072615,
        0.6606671062341507,
        0.12334443079702617,
        0.46502018268932693,
        0.41673593664823283,
        0.117019882390172,
        0.5665091031471239,
        0.10792830147790186,
        0.11176207544921346,
        1.0,
        0.16788325112535457,
        0.15426915748164094,
        0.47804535798946024,
        0.46464498800604037,
        0.6371313407623405,
        0.09803273173210222,
        0.09007264313876814
      ],
      [
        0.10330956156568005,
        0.7527063001384234,
        0.0,
        0.014931852707660526,
        0.05777891553223157,
        0.7607523297980525,
        0.750207176211988,
        0.9422333700864487,
        0.1411595287228991,
        0.9321762570581937,
        0.0,
        0.04031906870591406,
        0.7263878589650081,
        0.14416959020488584,
        0.7469127994015233,
        0.7552724077837659,
        0.16788325112535457,
        1.0,
        0.9443497974264681,
        0.022061746090066444,
        0.0,
        0.0997234234031522,
        0.7512360627260222,
        0.7794151174831903
      ],
      [
        0.08760172038578959,
        0.746163770740384,
        0.0516361381837218,
        0.061502156079984806,
        0.07049072674041841,
        0.7583894358147881,
        0.81703905642595,
        0.9977993362109463,
        0.1256577261485055,
        0.9772834126782366,
        0.04873521110050941,
        0.06145926188029313,
        0.7752299394121267,
        0.13515478498768999,
        0.8061605058083978,
        0.8008001992695892,
        0.15426915748164094,
        0.9443497974264681,
        1.0,
        0.055681046250079164,
        0.028070064494365856,
        0.08971468040409132,
        0.7544001410960466,
        0.7715486767257619
      ],
      [
        0.5784792976653303,
        0.06301246883930553,
        0.766378571451481,
        0.669690596318595,
        0.72613186721204,
        0.0640328750380765,
        0.007367976629016377,
        0.054676383861287856,
        0.5176330044616255,
        0.054121508912131154,
        0.7849604354232115,
        0.8434285158953598,
        0.007954847622183438,
        0.788845070278991,
        0.005922706024183065,
        0.00581993660278559,
        0.47804535798946024,
        0.022061746090066444,
        0.055681046250079164,
        1.0,
        0.760257254521301,
        0.5685669349032102,
        0.06131956706072941,
        0.055358468489893106
      ],
      [
        0.5638558456428568,
        0.014201202407547556,
        0.8017293373979899,
        0.4979354326305364,
        0.5261683873087365,
        0.012961993520252423,
        0.024617019935278223,
        0.0273965201563611,
        0.5021067741153018,
        0.01645156246580443,
        0.7106550053719896,
        0.6229201082393333,
        0.03364611853201037,
        0.7284403771332185,
        0.028318951281050643,
        0.024718049830118043,
        0.46464498800604037,
        0.0,
        0.028070064494365856,
        0.760257254521301,
        1.0,
        0.5245795765861228,
        0.03642301880761126,
        0.02987512134236464
      ],
      [
        0.9234452745565338,
        0.019733030264912743,
        0.5395365029532153,
        0.27134479743235873,
        0.29342533744859606,
        0.028434335700579093,
        0.0417649505302523,
        0.0886859705531377,
        0.8372565094072041,
        0.0979960589009136,
        0.5586400147858149,
        0.598123679771793,
        0.03620827810933247,
        0.6502533990249171,
        0.03637935293319944,
        0.03346175139738565,
        0.6371313407623405,
        0.0997234234031522,
        0.08971468040409132,
        0.5685669349032102,
        0.5245795765861228,
        1.0,
        0.04610321143412506,
        0.04403065272157668
      ],
      [
        0.0281968925611537,
        0.9722379458878868,
        0.059323283735740855,
        0.1344294424042197,
        0.12246472199696262,
        0.9649943851689269,
        0.9441867427728201,
        0.7523005707657673,
        0.043799200499207304,
        0.7536505795161791,
        0.0554536329440322,
        0.08360905637440622,
        0.9434954989641415,
        0.03901630683919258,
        0.9448250688160515,
        0.9403795620627093,
        0.09803273173210222,
        0.7512360627260222,
        0.7544001410960466,
        0.06131956706072941,
        0.03642301880761126,
        0.04610321143412506,
        1.0,
        0.9644047386831188
      ],
      [
        0.0252024624981468,
        0.9626905029776008,
        0.05110099468751263,
        0.12120242671895033,
        0.11370189426157062,
        0.9780224325144132,
        0.9540690000582832,
        0.7712105177703924,
        0.06050694844223389,
        0.7787865879136738,
        0.05725125454119688,
        0.07191762968694175,
        0.9751134198120783,
        0.04271597941455905,
        0.965801642306658,
        0.9667681642575765,
        0.09007264313876814,
        0.7794151174831903,
        0.7715486767257619,
        0.055358468489893106,
        0.02987512134236464,
        0.04403065272157668,
        0.9644047386831188,
        1.0
      ]
    ]
  },
  "traffic_summary": {
    "1": {
      "mean_gbps": 0.68,
      "max_gbps": 10.12,
      "n_slots": 117980,
      "time_sec": [
        1.01,
        1.128,
        1.245,
        1.363,
        1.48,
        1.598,
        1.715,
        1.833,
        1.95,
        2.068,
        2.185,
        2.303,
        2.42,
        2.538,
        2.655,
        2.773,
        2.89,
        3.008,
        3.125,
        3.243,
        3.36,
        3.478,
        3.595,
        3.713,
        3.83,
        3.948,
        4.065,
        4.183,
        4.3,
        4.418,
        4.535,
        4.653,
        4.77,
        4.888,
        5.005,
        5.123,
        5.24,
        5.358,
        5.475,
        5.593,
        5.71,
        5.828,
        5.945,
        6.063,
        6.18,
        6.298,
        6.415,
        6.533,
        6.65,
        6.768,
        6.885,
        7.003,
        7.12,
        7.238,
        7.355,
        7.473,
        7.59,
        7.708,
        7.825,
        7.943,
        8.06,
        8.178,
        8.295,
        8.413,
        8.53,
        8.648,
        8.765,
        8.883,
        9.0,
        9.118,
        9.235,
        9.353,
        9.47,
        9.588,
        9.705,
        9.823,
        9.94,
        10.058,
        10.175,
        10.293,
        10.41,
        10.528,
        10.645,
        10.763,
        10.88,
        10.998,
        11.115,
        11.233,
        11.35,
        11.468,
        11.585,
        11.703,
        11.82,
        11.938,
        12.055,
        12.173,
        12.29,
        12.408,
        12.525,
        12.643,
        12.76,
        12.878,
        12.995,
        13.113,
        13.23,
        13.348,
        13.465,
        13.583,
        13.7,
        13.818,
        13.935,
        14.053,
        14.17,
        14.288,
        14.405,
        14.523,
        14.64,
        14.758,
        14.875,
        14.993,
        15.11,
        15.228,
        15.345,
        15.463,
        15.58,
        15.698,
        15.815,
        15.933,
        16.05,
        16.168,
        16.285,
        16.403,
        16.52,
        16.638,
        16.755,
        16.873,
        16.99,
        17.108,
        17.225,
        17.343,
        17.46,
        17.578,
        17.695,
        17.813,
        17.93,
        18.048,
        18.165,
        18.283,
        18.4,
        18.518,
        18.635,
        18.753,
        18.87,
        18.988,
        19.105,
        19.223,
        19.34,
        19.458,
        19.575,
        19.693,
        19.81,
        19.928,
        20.045,
        20.163,
        20.28,
        20.398,
        20.515,
        20.633,
        20.75,
        20.868,
        20.985,
        21.103,
        21.22,
        21.338,
        21.455,
        21.573,
        21.69,
        21.808,
        21.925,
        22.043,
        22.16,
        22.278,
        22.395,
        22.513,
        22.63,
        22.748,
        22.865,
        22.983,
        23.1,
        23.218,
        23.335,
        23.453,
        23.57,
        23.688,
        23.805,
        23.923,
        24.04,
        24.158,
        24.275,
        24.393,
        24.51,
        24.628,
        24.745,
        24.863,
        24.98,
        25.098,
        25.215,
        25.333,
        25.45,
        25.568,
        25.685,
        25.803,
        25.92,
        26.038,
        26.155,
        26.273,
        26.39,
        26.508,
        26.625,
        26.743,
        26.86,
        26.978,
        27.095,
        27.213,
        27.33,
        27.448,
        27.565,
        27.683,
        27.8,
        27.918,
        28.035,
        28.153,
        28.27,
        28.388,
        28.505,
        28.623,
        28.74,
        28.858,
        28.975,
        29.093,
        29.21,
        29.328,
        29.445,
        29.563,
        29.68,
        29.798,
        29.915,
        30.033,
        30.15,
        30.268,
        30.385,
        30.503,
        30.62,
        30.738,
        30.855,
        30.973,
        31.09,
        31.208,
        31.325,
        31.443,
        31.56,
        31.678,
        31.795,
        31.913,
        32.03,
        32.148,
        32.265,
        32.383,
        32.5,
        32.618,
        32.735,
        32.853,
        32.97,
        33.088,
        33.205,
        33.323,
        33.44,
        33.558,
        33.675,
        33.793,
        33.91,
        34.028,
        34.145,
        34.263,
        34.38,
        34.498,
        34.615,
        34.733,
        34.85,
        34.968,
        35.085,
        35.203,
        35.32,
        35.438,
        35.555,
        35.673,
        35.79,
        35.908,
        36.025,
        36.143,
        36.26,
        36.378,
        36.495,
        36.613,
        36.73,
        36.848,
        36.965,
        37.083,
        37.2,
        37.318,
        37.435,
        37.553,
        37.67,
        37.788,
        37.905,
        38.023,
        38.14,
        38.258,
        38.375,
        38.493,
        38.61,
        38.728,
        38.845,
        38.963,
        39.08,
        39.198,
        39.315,
        39.433,
        39.55,
        39.668,
        39.785,
        39.903,
        40.02,
        40.138,
        40.255,
        40.373,
        40.49,
        40.608,
        40.725,
        40.843,
        40.96,
        41.078,
        41.195,
        41.313,
        41.43,
        41.548,
        41.665,
        41.783,
        41.9,
        42.018,
        42.135,
        42.253,
        42.37,
        42.488,
        42.605,
        42.723,
        42.84,
        42.958,
        43.075,
        43.193,
        43.31,
        43.428,
        43.545,
        43.663,
        43.78,
        43.898,
        44.015,
        44.133,
        44.25,
        44.368,
        44.485,
        44.603,
        44.72,
        44.838,
        44.955,
        45.073,
        45.19,
        45.308,
        45.425,
        45.543,
        45.66,
        45.778,
        45.895,
        46.013,
        46.13,
        46.248,
        46.365,
        46.483,
        46.6,
        46.718,
        46.835,
        46.953,
        47.07,
        47.188,
        47.305,
        47.423,
        47.54,
        47.658,
        47.775,
        47.893,
        48.01,
        48.128,
        48.245,
        48.363,
        48.48,
        48.598,
        48.715,
        48.833,
        48.95,
        49.068,
        49.185,
        49.303,
        49.42,
        49.538,
        49.655,
        49.773,
        49.89,
        50.008,
        50.125,
        50.243,
        50.36,
        50.478,
        50.595,
        50.713,
        50.83,
        50.948,
        51.065,
        51.183,
        51.3,
        51.418,
        51.535,
        51.653,
        51.77,
        51.888,
        52.005,
        52.123,
        52.24,
        52.358,
        52.475,
        52.593,
        52.71,
        52.828,
        52.945,
        53.063,
        53.18,
        53.298,
        53.415,
        53.533,
        53.65,
        53.768,
        53.885,
        54.003,
        54.12,
        54.238,
        54.355,
        54.473,
        54.59,
        54.708,
        54.825,
        54.943,
        55.06,
        55.178,
        55.295,
        55.413,
        55.53,
        55.648,
        55.765,
        55.883,
        56.0,
        56.118,
        56.235,
        56.353,
        56.47,
        56.588,
        56.705,
        56.823,
        56.94,
        57.058,
        57.175,
        57.293,
        57.41,
        57.528,
        57.645,
        57.763,
        57.88,
        57.998,
        58.115,
        58.233,
        58.35,
        58.468,
        58.585,
        58.703,
        58.82,
        58.938,
        59.055,
        59.173,
        59.29,
        59.408,
        59.525,
        59.643,
        59.76,
        59.878,
        59.995
      ],
      "demand_gbps": [
        0.01,
        0.06,
        6.25,
        0.0,
        0.18,
        0.06,
        6.25,
        0.05,
        0.03,
        0.06,
        6.77,
        0.0,
        0.18,
        4.77,
        3.42,
        0.06,
        1.3,
        3.42,
        4.19,
        0.06,
        0.15,
        0.06,
        0.12,
        3.18,
        0.01,
        0.06,
        0.08,
        0.0,
        0.18,
        0.06,
        0.12,
        0.05,
        0.03,
        6.29,
        0.06,
        0.26,
        0.18,
        0.05,
        2.13,
        3.4,
        0.01,
        0.06,
        3.42,
        3.18,
        0.15,
        0.06,
        2.19,
        0.06,
        0.01,
        0.06,
        0.08,
        0.0,
        0.18,
        0.06,
        0.12,
        1.85,
        0.03,
        0.06,
        0.06,
        0.0,
        0.18,
        0.05,
        0.06,
        0.06,
        0.01,
        0.06,
        3.42,
        0.06,
        0.15,
        0.06,
        0.12,
        0.06,
        0.01,
        0.06,
        0.08,
        1.55,
        0.18,
        3.42,
        0.12,
        0.05,
        1.6,
        0.06,
        0.06,
        0.52,
        0.18,
        0.05,
        6.77,
        0.06,
        1.3,
        0.06,
        0.06,
        0.06,
        0.15,
        0.06,
        0.12,
        0.06,
        1.3,
        3.41,
        0.08,
        0.77,
        0.18,
        3.42,
        0.12,
        0.2,
        0.03,
        0.06,
        0.06,
        0.26,
        0.18,
        2.4,
        0.06,
        0.06,
        2.59,
        0.06,
        0.06,
        6.31,
        0.15,
        0.06,
        0.12,
        0.06,
        0.01,
        0.06,
        0.08,
        0.0,
        0.18,
        0.06,
        3.16,
        0.05,
        0.03,
        0.06,
        0.06,
        0.0,
        0.18,
        0.05,
        0.06,
        3.42,
        0.01,
        0.06,
        0.06,
        0.06,
        0.15,
        0.06,
        0.12,
        0.06,
        0.01,
        0.06,
        0.08,
        0.0,
        0.18,
        3.42,
        0.12,
        0.05,
        0.03,
        0.06,
        0.06,
        0.0,
        0.18,
        0.05,
        0.06,
        6.8,
        0.01,
        0.06,
        0.06,
        0.06,
        0.15,
        0.06,
        0.12,
        3.18,
        0.01,
        0.06,
        0.08,
        0.0,
        0.18,
        0.06,
        0.12,
        0.05,
        2.08,
        3.18,
        0.06,
        0.0,
        0.18,
        0.05,
        0.06,
        0.06,
        0.01,
        0.06,
        0.06,
        0.06,
        0.15,
        0.06,
        0.12,
        0.06,
        0.01,
        0.06,
        0.08,
        0.77,
        0.18,
        0.06,
        0.12,
        0.05,
        0.03,
        0.06,
        0.06,
        0.0,
        0.18,
        0.05,
        6.8,
        6.75,
        1.3,
        2.46,
        4.88,
        0.06,
        0.15,
        0.06,
        0.12,
        0.06,
        0.01,
        0.06,
        0.08,
        0.0,
        0.18,
        0.06,
        0.12,
        3.65,
        0.03,
        0.06,
        0.06,
        0.26,
        0.18,
        0.05,
        3.42,
        3.42,
        0.01,
        3.41,
        0.06,
        3.18,
        0.15,
        0.06,
        0.12,
        6.28,
        2.59,
        3.42,
        0.08,
        0.0,
        0.18,
        0.06,
        0.12,
        0.05,
        0.03,
        0.06,
        0.06,
        0.0,
        0.18,
        2.41,
        6.76,
        6.76,
        0.01,
        0.06,
        0.06,
        6.31,
        0.15,
        0.06,
        0.12,
        0.06,
        0.01,
        0.06,
        0.08,
        0.0,
        0.18,
        0.06,
        4.63,
        1.85,
        0.03,
        0.06,
        3.42,
        0.0,
        0.18,
        0.05,
        0.06,
        3.42,
        0.01,
        6.77,
        3.42,
        0.06,
        0.15,
        3.22,
        0.12,
        0.06,
        0.01,
        0.06,
        0.08,
        0.0,
        0.18,
        0.06,
        6.25,
        0.05,
        0.03,
        3.18,
        3.42,
        0.0,
        0.18,
        0.05,
        0.06,
        0.06,
        0.01,
        0.06,
        0.06,
        0.06,
        0.15,
        0.06,
        0.12,
        0.06,
        0.01,
        0.06,
        0.08,
        0.0,
        0.18,
        0.06,
        0.12,
        0.05,
        0.03,
        0.06,
        0.06,
        0.0,
        0.18,
        0.05,
        0.06,
        0.06,
        0.01,
        0.06,
        0.06,
        0.06,
        0.15,
        0.06,
        6.25,
        0.06,
        0.01,
        0.06,
        0.08,
        0.0,
        0.18,
        6.77,
        0.12,
        1.85,
        0.03,
        0.06,
        3.42,
        0.0,
        0.18,
        0.05,
        0.06,
        0.06,
        0.01,
        0.06,
        0.06,
        6.31,
        0.15,
        0.06,
        0.12,
        0.06,
        1.3,
        3.42,
        3.16,
        1.55,
        0.18,
        0.06,
        0.12,
        0.05,
        0.03,
        3.18,
        3.42,
        0.0,
        0.18,
        4.77,
        0.06,
        0.06,
        0.01,
        0.06,
        6.76,
        0.06,
        0.15,
        0.06,
        0.12,
        0.06,
        0.01,
        0.06,
        0.08,
        0.0,
        0.18,
        0.06,
        6.25,
        0.05,
        0.03,
        0.06,
        0.06,
        0.26,
        0.18,
        0.05,
        0.06,
        0.06,
        2.59,
        0.06,
        0.06,
        6.31,
        0.15,
        0.06,
        0.12,
        0.06,
        0.01,
        0.06,
        0.08,
        1.55,
        0.18,
        3.42,
        0.12,
        0.05,
        0.03,
        6.29,
        0.06,
        0.0,
        0.18,
        2.41,
        0.06,
        1.6,
        0.01,
        0.06,
        0.06,
        0.06,
        0.15,
        0.06,
        0.12,
        0.06,
        0.01,
        0.06,
        0.08,
        0.0,
        0.18,
        0.06,
        0.12,
        0.05,
        0.03,
        0.06,
        0.06,
        0.26,
        0.18,
        0.05,
        0.06,
        0.06,
        0.01,
        0.06,
        0.06,
        6.31,
        0.15,
        0.06,
        0.12,
        0.06,
        0.01,
        3.4,
        0.08,
        0.0,
        0.18,
        3.42,
        0.12,
        1.85,
        0.03,
        0.06,
        0.06,
        0.0,
        0.18,
        0.05,
        0.06,
        0.06,
        2.59,
        6.77,
        6.77,
        0.06,
        0.15,
        6.38,
        0.12,
        0.06,
        0.01,
        0.06,
        6.25,
        0.0,
        0.18,
        0.06,
        0.12,
        0.05,
        0.03,
        0.06,
        0.06,
        0.0,
        0.18,
        0.05,
        0.06,
        0.06,
        0.01,
        0.06,
        6.77,
        0.06,
        0.15,
        0.06,
        0.12
      ]
    },
    "2": {
      "mean_gbps": 8.21,
      "max_gbps": 49.64,
      "n_slots": 117980,
      "time_sec": [
        1.01,
        1.128,
        1.245,
        1.363,
        1.48,
        1.598,
        1.715,
        1.833,
        1.95,
        2.068,
        2.185,
        2.303,
        2.42,
        2.538,
        2.655,
        2.773,
        2.89,
        3.008,
        3.125,
        3.243,
        3.36,
        3.478,
        3.595,
        3.713,
        3.83,
        3.948,
        4.065,
        4.183,
        4.3,
        4.418,
        4.535,
        4.653,
        4.77,
        4.888,
        5.005,
        5.123,
        5.24,
        5.358,
        5.475,
        5.593,
        5.71,
        5.828,
        5.945,
        6.063,
        6.18,
        6.298,
        6.415,
        6.533,
        6.65,
        6.768,
        6.885,
        7.003,
        7.12,
        7.238,
        7.355,
        7.473,
        7.59,
        7.708,
        7.825,
        7.943,
        8.06,
        8.178,
        8.295,
        8.413,
        8.53,
        8.648,
        8.765,
        8.883,
        9.0,
        9.118,
        9.235,
        9.353,
        9.47,
        9.588,
        9.705,
        9.823,
        9.94,
        10.058,
        10.175,
        10.293,
        10.41,
        10.528,
        10.645,
        10.763,
        10.88,
        10.998,
        11.115,
        11.233,
        11.35,
        11.468,
        11.585,
        11.703,
        11.82,
        11.938,
        12.055,
        12.173,
        12.29,
        12.408,
        12.525,
        12.643,
        12.76,
        12.878,
        12.995,
        13.113,
        13.23,
        13.348,
        13.465,
        13.583,
        13.7,
        13.818,
        13.935,
        14.053,
        14.17,
        14.288,
        14.405,
        14.523,
        14.64,
        14.758,
        14.875,
        14.993,
        15.11,
        15.228,
        15.345,
        15.463,
        15.58,
        15.698,
        15.815,
        15.933,
        16.05,
        16.168,
        16.285,
        16.403,
        16.52,
        16.638,
        16.755,
        16.873,
        16.99,
        17.108,
        17.225,
        17.343,
        17.46,
        17.578,
        17.695,
        17.813,
        17.93,
        18.048,
        18.165,
        18.283,
        18.4,
        18.518,
        18.635,
        18.753,
        18.87,
        18.988,
        19.105,
        19.223,
        19.34,
        19.458,
        19.575,
        19.693,
        19.81,
        19.928,
        20.045,
        20.163,
        20.28,
        20.398,
        20.515,
        20.633,
        20.75,
        20.868,
        20.985,
        21.103,
        21.22,
        21.338,
        21.455,
        21.573,
        21.69,
        21.808,
        21.925,
        22.043,
        22.16,
        22.278,
        22.395,
        22.513,
        22.63,
        22.748,
        22.865,
        22.983,
        23.1,
        23.218,
        23.335,
        23.453,
        23.57,
        23.688,
        23.805,
        23.923,
        24.04,
        24.158,
        24.275,
        24.393,
        24.51,
        24.628,
        24.745,
        24.863,
        24.98,
        25.098,
        25.215,
        25.333,
        25.45,
        25.568,
        25.685,
        25.803,
        25.92,
        26.038,
        26.155,
        26.273,
        26.39,
        26.508,
        26.625,
        26.743,
        26.86,
        26.978,
        27.095,
        27.213,
        27.33,
        27.448,
        27.565,
        27.683,
        27.8,
        27.918,
        28.035,
        28.153,
        28.27,
        28.388,
        28.505,
        28.623,
        28.74,
        28.858,
        28.975,
        29.093,
        29.21,
        29.328,
        29.445,
        29.563,
        29.68,
        29.798,
        29.915,
        30.033,
        30.15,
        30.268,
        30.385,
        30.503,
        30.62,
        30.738,
        30.855,
        30.973,
        31.09,
        31.208,
        31.325,
        31.443,
        31.56,
        31.678,
        31.795,
        31.913,
        32.03,
        32.148,
        32.265,
        32.383,
        32.5,
        32.618,
        32.735,
        32.853,
        32.97,
        33.088,
        33.205,
        33.323,
        33.44,
        33.558,
        33.675,
        33.793,
        33.91,
        34.028,
        34.145,
        34.263,
        34.38,
        34.498,
        34.615,
        34.733,
        34.85,
        34.968,
        35.085,
        35.203,
        35.32,
        35.438,
        35.555,
        35.673,
        35.79,
        35.908,
        36.025,
        36.143,
        36.26,
        36.378,
        36.495,
        36.613,
        36.73,
        36.848,
        36.965,
        37.083,
        37.2,
        37.318,
        37.435,
        37.553,
        37.67,
        37.788,
        37.905,
        38.023,
        38.14,
        38.258,
        38.375,
        38.493,
        38.61,
        38.728,
        38.845,
        38.963,
        39.08,
        39.198,
        39.315,
        39.433,
        39.55,
        39.668,
        39.785,
        39.903,
        40.02,
        40.138,
        40.255,
        40.373,
        40.49,
        40.608,
        40.725,
        40.843,
        40.96,
        41.078,
        41.195,
        41.313,
        41.43,
        41.548,
        41.665,
        41.783,
        41.9,
        42.018,
        42.135,
        42.253,
        42.37,
        42.488,
        42.605,
        42.723,
        42.84,
        42.958,
        43.075,
        43.193,
        43.31,
        43.428,
        43.545,
        43.663,
